1613595146568 0.9711999893188477 0
1613595195504 0.9891999959945679 1
1613595244278 0.9906666874885559 2
1613595293853 0.990933358669281 3
1613595343400 0.9949333071708679 4
1613595392855 0.9938666820526123 5
1613595442593 0.9911999702453613 6
1613595492733 0.995199978351593 7
1613595541823 0.996666669845581 8
1613595590823 0.9968000054359436 9
1613595641186 0.9957333207130432 10
1613595690259 0.9955999851226807 11
1613595739113 0.9949333071708679 12
1613595787944 0.9965333342552185 13
1613595836771 0.9965333342552185 14
1613595885599 0.9977333545684814 15
1613595934439 0.996666669845581 16
1613595983276 0.9959999918937683 17
1613596032124 0.9944000244140625 18
1613596081856 0.9973333477973938 19
1613596130852 0.9968000054359436 20
1613596180618 0.9974666833877563 21
1613596229987 0.9982666373252869 22
1613596279461 0.9974666833877563 23
1613596328648 0.9969333410263062 24
1613596378229 0.9976000189781189 25
1613596427075 0.9942666888237 26
1613596475911 0.9953333139419556 27
1613596524766 0.9959999918937683 28
1613596573625 0.9972000122070312 29
