1613595146568 0.10009656846523285 0
1613595195504 0.03869941085577011 1
1613595244278 0.02898620255291462 2
1613595293853 0.02774837240576744 3
1613595343400 0.018574777990579605 4
1613595392855 0.0205923393368721 5
1613595442593 0.03468203917145729 6
1613595492733 0.016039526090025902 7
1613595541823 0.012539924122393131 8
1613595590823 0.01020551286637783 9
1613595641186 0.013438606634736061 10
1613595690259 0.015933070331811905 11
1613595739113 0.015205643139779568 12
1613595787944 0.011460852809250355 13
1613595836771 0.011397596448659897 14
1613595885599 0.007916717790067196 15
1613595934439 0.010719796642661095 16
1613595983276 0.013785868883132935 17
1613596032124 0.017141060903668404 18
1613596081856 0.010400782339274883 19
1613596130852 0.009565597400069237 20
1613596180618 0.008303282782435417 21
1613596229987 0.0068754767999053 22
1613596279461 0.007481747306883335 23
1613596328648 0.009135277010500431 24
1613596378229 0.00879171583801508 25
1613596427075 0.018797297030687332 26
1613596475911 0.017701663076877594 27
1613596524766 0.012382244691252708 28
1613596573625 0.008744243532419205 29
