1610997111809 0.9366666674613953 0
1610997115931 0.9822221994400024 1
1610997120063 0.9833333492279053 2
1610997124198 0.9833333492279053 3
1610997128329 0.9888888597488403 4
1610997132466 0.9833333492279053 5
1610997136599 0.992222249507904 6
1610997140733 0.992222249507904 7
1610997144863 0.9877777695655823 8
1610997148994 0.9933333396911621 9
1610997153127 0.9933333396911621 10
1610997157259 0.9877777695655823 11
1610997161387 0.9866666793823242 12
1610997165515 0.9944444298744202 13
1610997169658 0.9944444298744202 14
