1610997111809 0.1784917265176773 0
1610997115931 0.06627815216779709 1
1610997120063 0.05637392774224281 2
1610997124198 0.0554298534989357 3
1610997128329 0.045000527054071426 4
1610997132466 0.04551556333899498 5
1610997136599 0.028064114972949028 6
1610997140733 0.027262579649686813 7
1610997144863 0.04536409676074982 8
1610997148994 0.024445006623864174 9
1610997153127 0.018946684896945953 10
1610997157259 0.061279669404029846 11
1610997161387 0.04418748617172241 12
1610997165515 0.02360249124467373 13
1610997169658 0.021724486723542213 14
