1611083961118 0.8922222256660461 0
1611083973515 0.9777777791023254 1
1611083985924 0.9833333492279053 2
1611083998336 0.9800000190734863 3
1611084010747 0.9888888597488403 4
1611084023166 0.9844444394111633 5
1611084035589 0.992222249507904 6
1611084048008 0.9866666793823242 7
1611084060425 0.992222249507904 8
1611084072849 0.995555579662323 9
1611084085264 0.9888888597488403 10
1611084097685 0.992222249507904 11
1611084110108 0.9833333492279053 12
1611084122528 0.9900000095367432 13
1611084134944 0.992222249507904 14
1611084147369 0.9888888597488403 15
1611084159787 0.9900000095367432 16
1611084172209 0.9900000095367432 17
1611084184630 0.992222249507904 18
1611084197055 0.9933333396911621 19
1611084209466 0.9755555391311646 20
1611084221887 0.992222249507904 21
1611084234314 0.9900000095367432 22
1611084246726 0.9900000095367432 23
1611084259148 0.9900000095367432 24
1611084271566 0.9900000095367432 25
1611084283989 0.9988889098167419 26
1611084296408 0.995555579662323 27
1611084308836 0.9933333396911621 28
1611084321257 0.9933333396911621 29
