1611083961118 0.26829102635383606 0
1611083973515 0.09471151232719421 1
1611083985924 0.06182966008782387 2
1611083998336 0.06840220838785172 3
1611084010747 0.04405701532959938 4
1611084023166 0.06715518236160278 5
1611084035589 0.03252209350466728 6
1611084048008 0.044399671256542206 7
1611084060425 0.03372962772846222 8
1611084072849 0.018331782892346382 9
1611084085264 0.030829457566142082 10
1611084097685 0.04051818326115608 11
1611084110108 0.04967503622174263 12
1611084122528 0.0327545627951622 13
1611084134944 0.026093726977705956 14
1611084147369 0.03690246492624283 15
1611084159787 0.03626548498868942 16
1611084172209 0.04835731163620949 17
1611084184630 0.025503164157271385 18
1611084197055 0.044291988015174866 19
1611084209466 0.06733148545026779 20
1611084221887 0.03996199741959572 21
1611084234314 0.047962069511413574 22
1611084246726 0.03559216484427452 23
1611084259148 0.03707066923379898 24
1611084271566 0.03103279508650303 25
1611084283989 0.01967954821884632 26
1611084296408 0.014924063347280025 27
1611084308836 0.02080700173974037 28
1611084321257 0.017917858436703682 29
