1610998051657 0.898888885974884 0
1610998055564 0.9833333492279053 1
1610998059480 0.9866666793823242 2
1610998063404 0.9844444394111633 3
1610998067333 0.9911110997200012 4
1610998071258 0.9855555295944214 5
1610998075182 0.9900000095367432 6
1610998079114 0.9900000095367432 7
1610998083040 0.9900000095367432 8
1610998086970 0.992222249507904 9
1610998090899 0.9933333396911621 10
1610998094827 0.9855555295944214 11
1610998098759 0.9800000190734863 12
1610998102694 0.9877777695655823 13
1610998106617 0.992222249507904 14
