1610998051657 0.24880678951740265 0
1610998055564 0.07572756707668304 1
1610998059480 0.044767219573259354 2
1610998063404 0.04734737053513527 3
1610998067333 0.04131580516695976 4
1610998071258 0.05448061600327492 5
1610998075182 0.038371436297893524 6
1610998079114 0.044054556638002396 7
1610998083040 0.03725190833210945 8
1610998086970 0.023456769064068794 9
1610998090899 0.02589656598865986 10
1610998094827 0.04594670236110687 11
1610998098759 0.054160889238119125 12
1610998102694 0.027805007994174957 13
1610998106617 0.026743687689304352 14
