1610983309442 0.897777795791626 0
1610983311562 0.9644444584846497 1
1610983313687 0.9755555391311646 2
1610983315814 0.9822221994400024 3
1610983317939 0.9822221994400024 4
1610983320065 0.9866666793823242 5
1610983322189 0.9777777791023254 6
1610983324319 0.9866666793823242 7
1610983326449 0.9844444394111633 8
1610983328586 0.9755555391311646 9
1610983330710 0.995555579662323 10
1610983332840 0.9911110997200012 11
1610983334966 0.9822221994400024 12
1610983337091 0.9822221994400024 13
1610983339221 0.9688888788223267 14
