1610983309442 0.26548656821250916 0
1610983311562 0.12676875293254852 1
1610983313687 0.07148720324039459 2
1610983315814 0.08390885591506958 3
1610983317939 0.07176680862903595 4
1610983320065 0.04558735713362694 5
1610983322189 0.0678962990641594 6
1610983324319 0.04581086337566376 7
1610983326449 0.06341291964054108 8
1610983328586 0.06399642676115036 9
1610983330710 0.022163981571793556 10
1610983332840 0.025256844237446785 11
1610983334966 0.0510600209236145 12
1610983337091 0.05902562290430069 13
1610983339221 0.09021630138158798 14
