1610443179281 0.8244444727897644 0
1610443184031 0.8822222352027893 1
1610443188788 0.8755555748939514 2
1610443193546 0.8755555748939514 3
1610443198300 0.9044444561004639 4
1610443203062 0.9155555367469788 5
1610443207826 0.9066666960716248 6
1610443212587 0.9066666960716248 7
1610443217345 0.8688889145851135 8
1610443222101 0.9044444561004639 9
1610443226861 0.9266666769981384 10
1610443231624 0.902222216129303 11
1610443236383 0.8866666555404663 12
1610443241146 0.9088888764381409 13
1610443245898 0.855555534362793 14
