1610443179281 21.437076568603516 0
1610443184031 3.4269790649414062 1
1610443188788 1.4798974990844727 2
1610443193546 1.9709234237670898 3
1610443198300 0.8196832537651062 4
1610443203062 0.44978082180023193 5
1610443207826 0.5446906685829163 6
1610443212587 0.5849190354347229 7
1610443217345 1.9623372554779053 8
1610443222101 1.1024293899536133 9
1610443226861 0.4490002989768982 10
1610443231624 0.6603830456733704 11
1610443236383 1.3699989318847656 12
1610443241146 0.6363100409507751 13
1610443245898 1.2875388860702515 14
