1611001528767 0.897777795791626 0
1611001532685 0.9833333492279053 1
1611001536618 0.9866666793823242 2
1611001540538 0.9877777695655823 3
1611001544464 0.9877777695655823 4
1611001548396 0.9888888597488403 5
1611001552326 0.9855555295944214 6
1611001556253 0.9855555295944214 7
1611001560181 0.9877777695655823 8
1611001564105 0.9911110997200012 9
1611001568040 0.9944444298744202 10
1611001571976 0.9877777695655823 11
1611001575906 0.9822221994400024 12
1611001579836 0.9911110997200012 13
1611001583766 0.995555579662323 14
