1611001528767 0.24991443753242493 0
1611001532685 0.07581359893083572 1
1611001536618 0.05066157132387161 2
1611001540538 0.046459197998046875 3
1611001544464 0.03625500947237015 4
1611001548396 0.04587031155824661 5
1611001552326 0.04006945341825485 6
1611001556253 0.057692043483257294 7
1611001560181 0.04005996137857437 8
1611001564105 0.022837333381175995 9
1611001568040 0.021924173459410667 10
1611001571976 0.05048955976963043 11
1611001575906 0.04629776254296303 12
1611001579836 0.025536030530929565 13
1611001583766 0.02743527851998806 14
