1613571367344 0.9693333506584167 0
1613571441731 0.9881333112716675 1
1613571516096 0.993066668510437 2
1613571590633 0.9858666658401489 3
1613571664657 0.9944000244140625 4
1613571738512 0.9926666617393494 5
1613571812355 0.9941333532333374 6
1613571886205 0.9937333464622498 7
1613571960023 0.9949333071708679 8
1613572033849 0.9970666766166687 9
1613572107658 0.9949333071708679 10
1613572181509 0.9944000244140625 11
1613572255416 0.996399998664856 12
1613572329408 0.9970666766166687 13
1613572403410 0.9969333410263062 14
1613572477420 0.9977333545684814 15
1613572551406 0.9969333410263062 16
1613572625410 0.9968000054359436 17
1613572699378 0.9944000244140625 18
1613572773311 0.9970666766166687 19
1613572847259 0.9972000122070312 20
1613572921242 0.9970666766166687 21
1613572995202 0.9980000257492065 22
1613573069175 0.9968000054359436 23
1613573143171 0.9974666833877563 24
1613573217093 0.993066668510437 25
1613573291036 0.9941333532333374 26
1613573365032 0.9970666766166687 27
1613573439058 0.9959999918937683 28
1613573513900 0.9976000189781189 29
