1613571367344 0.10167845338582993 0
1613571441731 0.040806230157613754 1
1613571516096 0.022310255095362663 2
1613571590633 0.04502042755484581 3
1613571664657 0.020188525319099426 4
1613571738512 0.02501792460680008 5
1613571812355 0.01974802277982235 6
1613571886205 0.020592743530869484 7
1613571960023 0.017792774364352226 8
1613572033849 0.01049643475562334 9
1613572107658 0.01866798847913742 10
1613572181509 0.01799505203962326 11
1613572255416 0.010995469056069851 12
1613572329408 0.009832101874053478 13
1613572403410 0.010762538760900497 14
1613572477420 0.008591040968894958 15
1613572551406 0.010830100625753403 16
1613572625410 0.012083626352250576 17
1613572699378 0.020267941057682037 18
1613572773311 0.009671148844063282 19
1613572847259 0.010447017848491669 20
1613572921242 0.009581123478710651 21
1613572995202 0.006536571774631739 22
1613573069175 0.008804026991128922 23
1613573143171 0.009408470243215561 24
1613573217093 0.025073319673538208 25
1613573291036 0.02517871744930744 26
1613573365032 0.012843192555010319 27
1613573439058 0.01300367247313261 28
1613573513900 0.008984195068478584 29
