1613603605589 0.9728000164031982 0
1613603631860 0.9917333126068115 1
1613603658007 0.9908000230789185 2
1613603684151 0.9938666820526123 3
1613603710808 0.9932000041007996 4
1613603737350 0.9959999918937683 5
1613603763582 0.9947999715805054 6
1613603790158 0.9972000122070312 7
1613603816859 0.996666669845581 8
1613603843277 0.9959999918937683 9
1613603869697 0.9946666955947876 10
1613603896128 0.9965333342552185 11
1613603922553 0.995199978351593 12
1613603948977 0.9972000122070312 13
1613603975427 0.9969333410263062 14
