1613603605589 0.09298518300056458 0
1613603631860 0.02582051046192646 1
1613603658007 0.03012952394783497 2
1613603684151 0.019212204962968826 3
1613603710808 0.018694229423999786 4
1613603737350 0.015078933909535408 5
1613603763582 0.0163657758384943 6
1613603790158 0.011065313592553139 7
1613603816859 0.010776973329484463 8
1613603843277 0.012155255302786827 9
1613603869697 0.0166251752525568 10
1613603896128 0.012541423551738262 11
1613603922553 0.014428641647100449 12
1613603948977 0.009973462671041489 13
1613603975427 0.008435595780611038 14
