1611081572610 0.7077777981758118 0
1611081595784 0.8199999928474426 1
1611081618996 0.8577777743339539 2
1611081642229 0.8711110949516296 3
1611081665485 0.8855555653572083 4
1611081688753 0.8411111235618591 5
1611081712008 0.9044444561004639 6
1611081735340 0.8866666555404663 7
1611081758676 0.846666693687439 8
1611081782000 0.8899999856948853 9
1611081805330 0.903333306312561 10
1611081828669 0.8933333158493042 11
1611081852012 0.8355555534362793 12
1611081875354 0.8711110949516296 13
1611081898697 0.8799999952316284 14
1611081922059 0.9011111259460449 15
1611081945451 0.9399999976158142 16
1611081968815 0.8922222256660461 17
1611081992165 0.9411110877990723 18
1611082015530 0.9344444274902344 19
1611082038910 0.8399999737739563 20
1611082062273 0.8922222256660461 21
1611082085631 0.9011111259460449 22
1611082109009 0.9155555367469788 23
1611082132360 0.95333331823349 24
1611082155719 0.9133333563804626 25
1611082179084 0.9644444584846497 26
1611082202466 0.9766666889190674 27
1611082225865 0.949999988079071 28
1611082249245 0.9677777886390686 29
