1611081572610 370.5653076171875 0
1611081595784 30.354684829711914 1
1611081618996 8.00101375579834 2
1611081642229 3.3884408473968506 3
1611081665485 3.3685271739959717 4
1611081688753 5.136831283569336 5
1611081712008 1.521135687828064 6
1611081735340 2.6195132732391357 7
1611081758676 5.186066627502441 8
1611081782000 3.5100367069244385 9
1611081805330 2.0642497539520264 10
1611081828669 1.560400366783142 11
1611081852012 8.34156322479248 12
1611081875354 11.882756233215332 13
1611081898697 6.030075550079346 14
1611081922059 3.0169107913970947 15
1611081945451 0.5451863408088684 16
1611081968815 1.679692268371582 17
1611081992165 0.5272826552391052 18
1611082015530 0.8262019753456116 19
1611082038910 3.4974372386932373 20
1611082062273 2.2040441036224365 21
1611082085631 2.7146921157836914 22
1611082109009 1.4509176015853882 23
1611082132360 0.4924987256526947 24
1611082155719 1.233108639717102 25
1611082179084 0.2590109705924988 26
1611082202466 0.27810367941856384 27
1611082225865 0.23189693689346313 28
1611082249245 0.2407698780298233 29
