1611043460488 0.6911110877990723 0
1611043464819 0.8133333325386047 1
1611043469154 0.8433333039283752 2
1611043473503 0.8600000143051147 3
1611043477854 0.8633333444595337 4
1611043482207 0.7822222113609314 5
1611043486568 0.8833333253860474 6
1611043490921 0.8855555653572083 7
1611043495275 0.8700000047683716 8
1611043499645 0.851111114025116 9
1611043504004 0.9011111259460449 10
1611043508363 0.8766666650772095 11
1611043512730 0.8922222256660461 12
1611043517091 0.9011111259460449 13
1611043521456 0.9266666769981384 14
