1611043460488 175.1748504638672 0
1611043464819 27.820510864257812 1
1611043469154 8.069453239440918 2
1611043473503 4.128920555114746 3
1611043477854 3.246530532836914 4
1611043482207 7.111547946929932 5
1611043486568 2.9954395294189453 6
1611043490921 1.772557020187378 7
1611043495275 1.5956008434295654 8
1611043499645 2.6705868244171143 9
1611043504004 1.1914771795272827 10
1611043508363 1.4354795217514038 11
1611043512730 1.675048589706421 12
1611043517091 0.7661401629447937 13
1611043521456 0.6269266605377197 14
