1610983091024 0.7911111116409302 0
1610983093412 0.8111110925674438 1
1610983095803 0.8644444346427917 2
1610983098195 0.855555534362793 3
1610983100586 0.8911111354827881 4
1610983102989 0.8577777743339539 5
1610983105388 0.9066666960716248 6
1610983107787 0.9200000166893005 7
1610983110183 0.8999999761581421 8
1610983112583 0.8799999952316284 9
1610983114980 0.9111111164093018 10
1610983117379 0.897777795791626 11
1610983119777 0.8866666555404663 12
1610983122175 0.9222221970558167 13
1610983124571 0.8933333158493042 14
