1610983091024 296.6918029785156 0
1610983093412 75.4364013671875 1
1610983095803 20.683753967285156 2
1610983098195 10.445561408996582 3
1610983100586 3.9446170330047607 4
1610983102989 3.3411309719085693 5
1610983105388 1.3972965478897095 6
1610983107787 1.2368643283843994 7
1610983110183 0.9286961555480957 8
1610983112583 1.0939311981201172 9
1610983114980 0.6088285446166992 10
1610983117379 0.6745781898498535 11
1610983119777 1.5159796476364136 12
1610983122175 0.5056785345077515 13
1610983124571 2.4724462032318115 14
