1610987476454 0.8933333158493042 0
1610987478577 0.9599999785423279 1
1610987480701 0.9777777791023254 2
1610987482819 0.9911110997200012 3
1610987484939 0.9733333587646484 4
1610987487075 0.9822221994400024 5
1610987489196 0.9866666793823242 6
1610987491314 0.9888888597488403 7
1610987493434 0.9800000190734863 8
1610987495556 0.9777777791023254 9
1610987497678 0.9933333396911621 10
1610987499800 0.9911110997200012 11
1610987501919 0.9822221994400024 12
1610987504040 0.9866666793823242 13
1610987506167 0.9688888788223267 14
