1610987476454 0.2660125195980072 0
1610987478577 0.14138858020305634 1
1610987480701 0.07086675614118576 2
1610987482819 0.07505206763744354 3
1610987484939 0.08022323250770569 4
1610987487075 0.05308281630277634 5
1610987489196 0.05680062249302864 6
1610987491314 0.04416542872786522 7
1610987493434 0.06409700959920883 8
1610987495556 0.05932192876935005 9
1610987497678 0.026234401389956474 10
1610987499800 0.03537755832076073 11
1610987501919 0.05033618211746216 12
1610987504040 0.05111774057149887 13
1610987506167 0.09062964469194412 14
