1610987900393 0.8999999761581421 0
1610987902513 0.9666666388511658 1
1610987904642 0.9777777791023254 2
1610987906770 0.9822221994400024 3
1610987908895 0.9777777791023254 4
1610987911023 0.9844444394111633 5
1610987913150 0.9800000190734863 6
1610987915275 0.9888888597488403 7
1610987917405 0.9822221994400024 8
1610987919533 0.9800000190734863 9
1610987921668 0.9866666793823242 10
1610987923800 0.9911110997200012 11
1610987925934 0.9844444394111633 12
1610987928069 0.9933333396911621 13
1610987930203 0.9622222185134888 14
