1610987900393 0.26428669691085815 0
1610987902513 0.12735828757286072 1
1610987904642 0.07275869697332382 2
1610987906770 0.08196278661489487 3
1610987908895 0.06553317606449127 4
1610987911023 0.04936670511960983 5
1610987913150 0.06588020920753479 6
1610987915275 0.03450041264295578 7
1610987917405 0.07417979091405869 8
1610987919533 0.06611558049917221 9
1610987921668 0.03148063272237778 10
1610987923800 0.02534899115562439 11
1610987925934 0.036186423152685165 12
1610987928069 0.04564244672656059 13
1610987930203 0.1255853921175003 14
