1611001124258 0.9011111259460449 0
1611001128171 0.9844444394111633 1
1611001132090 0.9866666793823242 2
1611001136016 0.9877777695655823 3
1611001139935 0.9866666793823242 4
1611001143862 0.9877777695655823 5
1611001147799 0.9866666793823242 6
1611001151719 0.9877777695655823 7
1611001155646 0.9888888597488403 8
1611001159575 0.9911110997200012 9
1611001163498 0.995555579662323 10
1611001167418 0.9877777695655823 11
1611001171336 0.9700000286102295 12
1611001175257 0.992222249507904 13
1611001179190 0.9900000095367432 14
