1611001124258 0.24672172963619232 0
1611001128171 0.07628895342350006 1
1611001132090 0.045483607798814774 2
1611001136016 0.049361392855644226 3
1611001139935 0.039923593401908875 4
1611001143862 0.055094990879297256 5
1611001147799 0.04368044435977936 6
1611001151719 0.04828070476651192 7
1611001155646 0.03707306459546089 8
1611001159575 0.0236566960811615 9
1611001163498 0.0232169758528471 10
1611001167418 0.04984447732567787 11
1611001171336 0.06956682354211807 12
1611001175257 0.03207811713218689 13
1611001179190 0.028026415035128593 14
