1612961497495 0.8899999856948853 0
1612961509987 0.9788888692855835 1
1612961522485 0.9866666793823242 2
1612961534995 0.9833333492279053 3
1612961547493 0.9844444394111633 4
1612961560017 0.9811111092567444 5
1612961572523 0.9833333492279053 6
1612961584993 0.9855555295944214 7
1612961597474 0.9844444394111633 8
1612961610001 0.992222249507904 9
1612961622503 0.995555579662323 10
1612961635020 0.9888888597488403 11
1612961647516 0.9811111092567444 12
1612961660024 0.9933333396911621 13
1612961672550 0.995555579662323 14
1612961685026 0.992222249507904 15
1612961697528 0.9911110997200012 16
1612961710059 0.9755555391311646 17
1612961722585 0.9900000095367432 18
1612961735076 0.9900000095367432 19
1612961747592 0.9800000190734863 20
1612961760097 0.9911110997200012 21
1612961772610 0.995555579662323 22
1612961785119 0.9944444298744202 23
1612961797630 0.9944444298744202 24
1612961810131 0.9944444298744202 25
1612961822641 0.9977777600288391 26
1612961835163 0.9988889098167419 27
1612961847675 0.9933333396911621 28
1612961860175 0.9933333396911621 29
