1612961497495 0.26508116722106934 0
1612961509987 0.0922691598534584 1
1612961522485 0.06115363910794258 2
1612961534995 0.0504324845969677 3
1612961547493 0.041402917355298996 4
1612961560017 0.06886141747236252 5
1612961572523 0.05852160602807999 6
1612961584993 0.08639451861381531 7
1612961597474 0.04778902232646942 8
1612961610001 0.027232937514781952 9
1612961622503 0.02603137493133545 10
1612961635020 0.07202313095331192 11
1612961647516 0.05507330968976021 12
1612961660024 0.028758127242326736 13
1612961672550 0.030286157503724098 14
1612961685026 0.03257215768098831 15
1612961697528 0.02859741821885109 16
1612961710059 0.08217595517635345 17
1612961722585 0.03478281572461128 18
1612961735076 0.04546773433685303 19
1612961747592 0.05658286064863205 20
1612961760097 0.03537638857960701 21
1612961772610 0.024460189044475555 22
1612961785119 0.020446211099624634 23
1612961797630 0.02091199904680252 24
1612961810131 0.02120649628341198 25
1612961822641 0.013663589023053646 26
1612961835163 0.011156325228512287 27
1612961847675 0.02858424372971058 28
1612961860175 0.019224058836698532 29
