1611069833538 0.7099999785423279 0
1611069847790 0.79666668176651 1
1611069861993 0.851111114025116 2
1611069876214 0.8788889050483704 3
1611069890442 0.8566666841506958 4
1611069904661 0.8299999833106995 5
1611069918868 0.8899999856948853 6
1611069933102 0.8933333158493042 7
1611069947334 0.8899999856948853 8
1611069961608 0.8488888740539551 9
1611069975813 0.8844444155693054 10
1611069990047 0.8799999952316284 11
1611070004276 0.8677777647972107 12
1611070018506 0.9088888764381409 13
1611070032742 0.9300000071525574 14
