1611069833538 180.8959197998047 0
1611069847790 25.356460571289062 1
1611069861993 6.1573567390441895 2
1611069876214 2.8057520389556885 3
1611069890442 2.215899705886841 4
1611069904661 4.100912570953369 5
1611069918868 2.2954862117767334 6
1611069933102 1.6600761413574219 7
1611069947334 0.8848653435707092 8
1611069961608 3.521076202392578 9
1611069975813 2.8275718688964844 10
1611069990047 1.148119330406189 11
1611070004276 2.8249495029449463 12
1611070018506 1.058086633682251 13
1611070032742 0.894067645072937 14
