1610992366800 0.9044444561004639 0
1610992368930 0.9622222185134888 1
1610992371070 0.9733333587646484 2
1610992373202 0.9866666793823242 3
1610992375338 0.9755555391311646 4
1610992377471 0.9911110997200012 5
1610992379611 0.9800000190734863 6
1610992381748 0.9844444394111633 7
1610992383882 0.9777777791023254 8
1610992386015 0.9777777791023254 9
1610992388147 0.9911110997200012 10
1610992390284 0.9933333396911621 11
1610992392420 0.9866666793823242 12
1610992394554 0.9800000190734863 13
1610992396692 0.9666666388511658 14
