1610992366800 0.2676670551300049 0
1610992368930 0.1541203260421753 1
1610992371070 0.08740700781345367 2
1610992373202 0.09147178381681442 3
1610992375338 0.06832192838191986 4
1610992377471 0.047967780381441116 5
1610992379611 0.05863896757364273 6
1610992381748 0.043509431183338165 7
1610992383882 0.0774855688214302 8
1610992386015 0.06298821419477463 9
1610992388147 0.03400745242834091 10
1610992390284 0.032346807420253754 11
1610992392420 0.04108128696680069 12
1610992394554 0.09067609906196594 13
1610992396692 0.10020796954631805 14
