1610232777215 0.8311111330986023 0
1610232783795 0.9377777576446533 1
1610232790354 0.9688888788223267 2
1610232796908 0.9733333587646484 3
1610232803461 0.9733333587646484 4
1610232810009 0.9911110997200012 5
1610232816561 0.9555555582046509 6
1610232823131 1.0 7
1610232829687 0.9822221994400024 8
1610232836253 0.9822221994400024 9
1610232842808 0.9911110997200012 10
1610232849365 0.9822221994400024 11
1610232855929 0.9911110997200012 12
1610232862499 0.9733333587646484 13
1610232869064 0.995555579662323 14
1610232875623 1.0 15
1610232882184 0.9822221994400024 16
1610232888750 0.9866666793823242 17
1610232895317 0.9866666793823242 18
1610232901876 0.995555579662323 19
1610232908433 1.0 20
1610232914992 0.9866666793823242 21
1610232921562 0.995555579662323 22
1610232928136 0.995555579662323 23
1610232934699 1.0 24
1610232941254 1.0 25
1610232947811 1.0 26
1610232954370 0.995555579662323 27
1610232960926 0.9866666793823242 28
1610232967481 1.0 29
