1610232777215 0.3353251516819 0
1610232783795 0.20005770027637482 1
1610232790354 0.10736675560474396 2
1610232796908 0.10937561839818954 3
1610232803461 0.06576161086559296 4
1610232810009 0.04789845645427704 5
1610232816561 0.13064426183700562 6
1610232823131 0.030014313757419586 7
1610232829687 0.08440174162387848 8
1610232836253 0.06596468389034271 9
1610232842808 0.03624944016337395 10
1610232849365 0.07453551888465881 11
1610232855929 0.05768914520740509 12
1610232862499 0.05368262156844139 13
1610232869064 0.020165417343378067 14
1610232875623 0.010007994249463081 15
1610232882184 0.043411802500486374 16
1610232888750 0.047103751450777054 17
1610232895317 0.04982209950685501 18
1610232901876 0.02283461019396782 19
1610232908433 0.007748700678348541 20
1610232914992 0.0734744444489479 21
1610232921562 0.016538355499505997 22
1610232928136 0.027627279981970787 23
1610232934699 0.01011266466230154 24
1610232941254 0.011018242686986923 25
1610232947811 0.004082249943166971 26
1610232954370 0.06478250026702881 27
1610232960926 0.04665690287947655 28
1610232967481 0.010820475406944752 29
