1610997025781 0.902222216129303 0
1610997027914 0.9577777981758118 1
1610997030049 0.9733333587646484 2
1610997032192 0.9888888597488403 3
1610997034330 0.9755555391311646 4
1610997036469 0.9888888597488403 5
1610997038607 0.9844444394111633 6
1610997040744 0.9866666793823242 7
1610997042886 0.9866666793823242 8
1610997045021 0.9711111187934875 9
1610997047157 0.9866666793823242 10
1610997049292 0.995555579662323 11
1610997051420 0.9866666793823242 12
1610997053559 0.9800000190734863 13
1610997055699 0.9622222185134888 14
