1610997025781 0.26711392402648926 0
1610997027914 0.14274191856384277 1
1610997030049 0.07930385321378708 2
1610997032192 0.08140531182289124 3
1610997034330 0.07376891374588013 4
1610997036469 0.044952601194381714 5
1610997038607 0.054494213312864304 6
1610997040744 0.038327381014823914 7
1610997042886 0.06224827095866203 8
1610997045021 0.09370246529579163 9
1610997047157 0.04231508821249008 10
1610997049292 0.02530890330672264 11
1610997051420 0.041031256318092346 12
1610997053559 0.07598207145929337 13
1610997055699 0.1251714676618576 14
