1610983384776 0.897777795791626 0
1610983386904 0.9688888788223267 1
1610983389032 0.9711111187934875 2
1610983391168 0.9822221994400024 3
1610983393306 0.9755555391311646 4
1610983395437 0.9933333396911621 5
1610983397572 0.9822221994400024 6
1610983399707 0.9866666793823242 7
1610983401838 0.9800000190734863 8
1610983403973 0.9755555391311646 9
1610983406107 0.9844444394111633 10
1610983408241 0.9911110997200012 11
1610983410373 0.9844444394111633 12
1610983412520 0.9800000190734863 13
1610983414657 0.9666666388511658 14
