1610983384776 0.26626187562942505 0
1610983386904 0.13027986884117126 1
1610983389032 0.08280797302722931 2
1610983391168 0.06603427231311798 3
1610983393306 0.07239346951246262 4
1610983395437 0.04419871047139168 5
1610983397572 0.05750294402241707 6
1610983399707 0.044303715229034424 7
1610983401838 0.058512695133686066 8
1610983403973 0.0742683932185173 9
1610983406107 0.040875986218452454 10
1610983408241 0.030409373342990875 11
1610983410373 0.04941330850124359 12
1610983412520 0.07259546965360641 13
1610983414657 0.10008621215820312 14
