1610982324633 0.7844444513320923 0
1610982327023 0.7844444513320923 1
1610982329419 0.8955555558204651 2
1610982331816 0.8444444537162781 3
1610982334220 0.8888888955116272 4
1610982336616 0.8799999952316284 5
1610982339016 0.8888888955116272 6
1610982341415 0.9133333563804626 7
1610982343813 0.8688889145851135 8
1610982346219 0.8822222352027893 9
1610982348621 0.9244444370269775 10
1610982351026 0.9377777576446533 11
1610982353433 0.9355555772781372 12
1610982355834 0.9177777767181396 13
1610982358240 0.8600000143051147 14
