1610982324633 361.3476867675781 0
1610982327023 66.6086654663086 1
1610982329419 17.982065200805664 2
1610982331816 14.626786231994629 3
1610982334220 15.603121757507324 4
1610982336616 9.781519889831543 5
1610982339016 5.374323844909668 6
1610982341415 1.7114672660827637 7
1610982343813 1.7939043045043945 8
1610982346219 1.9308505058288574 9
1610982348621 0.9688574075698853 10
1610982351026 0.43458977341651917 11
1610982353433 0.4671064019203186 12
1610982355834 0.5842918753623962 13
1610982358240 2.848271131515503 14
