1610982142572 0.7799999713897705 0
1610982144956 0.8355555534362793 1
1610982147344 0.855555534362793 2
1610982149736 0.846666693687439 3
1610982152128 0.8933333158493042 4
1610982154556 0.8755555748939514 5
1610982156950 0.8999999761581421 6
1610982159345 0.8933333158493042 7
1610982161752 0.9133333563804626 8
1610982164149 0.846666693687439 9
1610982166548 0.9155555367469788 10
1610982168942 0.9088888764381409 11
1610982171338 0.8711110949516296 12
1610982173739 0.8955555558204651 13
1610982176144 0.8799999952316284 14
