1610982142572 317.5809020996094 0
1610982144956 64.44220733642578 1
1610982147344 24.694351196289062 2
1610982149736 9.262487411499023 3
1610982152128 4.3218607902526855 4
1610982154556 2.1872506141662598 5
1610982156950 1.4073837995529175 6
1610982159345 1.3865628242492676 7
1610982161752 1.378279209136963 8
1610982164149 1.5626505613327026 9
1610982166548 0.7280645966529846 10
1610982168942 0.8202528953552246 11
1610982171338 2.3479056358337402 12
1610982173739 1.0047467947006226 13
1610982176144 1.9923608303070068 14
