1610983474104 0.8911111354827881 0
1610983476223 0.9688888788223267 1
1610983478344 0.9733333587646484 2
1610983480471 0.9800000190734863 3
1610983482601 0.9755555391311646 4
1610983484725 0.9911110997200012 5
1610983486851 0.9888888597488403 6
1610983488978 0.9933333396911621 7
1610983491104 0.9866666793823242 8
1610983493232 0.9844444394111633 9
1610983495361 0.9977777600288391 10
1610983497486 0.9911110997200012 11
1610983499617 0.9822221994400024 12
1610983501743 0.9866666793823242 13
1610983503866 0.95333331823349 14
