1610983474104 0.2688687741756439 0
1610983476223 0.13593806326389313 1
1610983478344 0.07714113593101501 2
1610983480471 0.07557708024978638 3
1610983482601 0.07029563933610916 4
1610983484725 0.041972629725933075 5
1610983486851 0.05123487114906311 6
1610983488978 0.03174227848649025 7
1610983491104 0.057274721562862396 8
1610983493232 0.05315869301557541 9
1610983495361 0.018497448414564133 10
1610983497486 0.020038189366459846 11
1610983499617 0.04839891940355301 12
1610983501743 0.04772219434380531 13
1610983503866 0.11989205330610275 14
