1612959398023 0.8911111354827881 0
1612959410553 0.9777777791023254 1
1612959423046 0.9877777695655823 2
1612959435540 0.9866666793823242 3
1612959448042 0.9877777695655823 4
1612959460527 0.9844444394111633 5
1612959473028 0.9933333396911621 6
1612959485534 0.9877777695655823 7
1612959498056 0.9888888597488403 8
1612959510574 0.995555579662323 9
1612959523082 0.9911110997200012 10
1612959535591 0.9888888597488403 11
1612959548103 0.9800000190734863 12
1612959560597 0.9866666793823242 13
1612959573093 0.992222249507904 14
1612959585582 0.9900000095367432 15
1612959598078 0.9900000095367432 16
1612959610556 0.9844444394111633 17
1612959623049 0.9911110997200012 18
1612959635543 0.9900000095367432 19
1612959648059 0.9755555391311646 20
1612959660573 0.9911110997200012 21
1612959673053 0.992222249507904 22
1612959685561 0.996666669845581 23
1612959698057 0.9944444298744202 24
1612959710538 0.992222249507904 25
1612959723000 0.9977777600288391 26
1612959735497 0.9988889098167419 27
1612959747998 0.992222249507904 28
1612959760498 0.992222249507904 29
