1612959398023 0.2652544379234314 0
1612959410553 0.09401174634695053 1
1612959423046 0.05534438416361809 2
1612959435540 0.06173122674226761 3
1612959448042 0.04219605028629303 4
1612959460527 0.0632571130990982 5
1612959473028 0.029061028733849525 6
1612959485534 0.04745876416563988 7
1612959498056 0.03519007936120033 8
1612959510574 0.019471878185868263 9
1612959523082 0.02845524251461029 10
1612959535591 0.049903012812137604 11
1612959548103 0.06673470884561539 12
1612959560597 0.04479401186108589 13
1612959573093 0.044529616832733154 14
1612959585582 0.03707049787044525 15
1612959598078 0.03891932964324951 16
1612959610556 0.05822841078042984 17
1612959623049 0.03426476567983627 18
1612959635543 0.040176767855882645 19
1612959648059 0.06745459139347076 20
1612959660573 0.03470975533127785 21
1612959673053 0.02438117191195488 22
1612959685561 0.020585255697369576 23
1612959698057 0.02044948749244213 24
1612959710538 0.02013312838971615 25
1612959723000 0.01514129713177681 26
1612959735497 0.010095375590026379 27
1612959747998 0.025164496153593063 28
1612959760498 0.0199417881667614 29
